Field.Flightline = [-79.32156700321289,43.95483013264767; -79.31996160809055,43.95089779406612; ];
Field.Runway = [-79.32092673449212,43.9534060972134; -79.32106053756593,43.95337739636168; -79.32104382697977,43.95333942881733; -79.32091319444262,43.95337042111243; -79.32081646609299,43.9531312265025; -79.32094199618422,43.95310055312267; -79.32092349893782,43.95306300424524; -79.3208022304058,43.9530945376959; -79.32076764099888,43.95300583337996; -79.32066243550349,43.95302703980282; -79.32091808554506,43.95366718720449; -79.32102309977468,43.95364002151219; -79.32092673449212,43.9534060972134; ];
Field.Roads = [-79.32137450059099,43.95346865062648; -79.32140443103658,43.9534640193969; -79.32142950662141,43.95346655978361; -79.32143198464118,43.95346920900496; -79.32144040928034,43.95347298192201; -79.3214572833685,43.95348889889112; -79.32146201902077,43.95349289956231; -79.32148067376653,43.95350643158719; -79.32148552398786,43.95351053184927; -79.32150242036751,43.95352425067599; -79.32150470072651,43.95352561360965; -79.32152772245303,43.95354790859302; -79.32159850919798,43.9536141996501; -79.3216789810305,43.95369405603427; -79.32175662420993,43.95376721487016; -79.32180766685684,43.95381986825418; -79.32185235341323,43.95388298882518; -79.32185497717683,43.95388461234583; -79.32187194015677,43.95390486091444; -79.32188585503836,43.95392190529322; -79.32189565425917,43.9539392830692; -79.32189621512931,43.95394104796663; -79.32189902742569,43.95394989459511; -79.32191024133847,43.95397835934199; -79.32191310826211,43.953987363738; -79.32192062022487,43.95401095289454; -79.32192120145589,43.95401277855215; -79.32193155701043,43.95403840206278; -79.32193273672932,43.95404210168778; -79.32194263544201,43.95406620661758; -79.32194864163509,43.95408500961636; -79.32195105846468,43.95409257659452; -79.32195774895457,43.95411352177778; -79.32196019764102,43.95412118819085; -79.32196945712688,43.95415017737296; -79.32197070120918,43.95415407136704; -79.32197821035879,43.95417758061258; -79.32197946976136,43.95418152304707; -79.32198360372703,43.95418734882623; -79.32199187867091,43.95421321547751; -79.32199251935215,43.95421521756435; -79.32200154792363,43.95424343607834; -79.32200284691092,43.95424749634736; -79.32202276563117,43.954288105308; -79.32204454149627,43.95433772776914; -79.32206000788092,43.95439343912266; -79.32208250162419,43.95445835379938; -79.32208301053909,43.95453649768149; -79.32208368594755,43.95453934396891; -79.32208117313004,43.95455243712998; -79.32207865404753,43.95458914673721; -79.32207645599385,43.95461043495582; -79.32207647087455,43.95461805119664; -79.32207575489231,43.95463800964908; -79.32207653064013,43.95464877822277; -79.32207656089942,43.95466430110447; -79.3220773264254,43.9546673843135; -79.3220758377486,43.95468467620331; -79.3220754805015,43.95469888354452; -79.32207514680123,43.95472915235015; -79.32207052974465,43.95473417413186; -79.32206435253295,43.95474895490482; -79.32199588354645,43.9547644555466; -79.31354243466518,43.9566007263651; -79.31361335255276,43.95678076556816; -79.31913448922089,43.95556931204833; -79.31915634353223,43.95557374733183; -79.31917213107351,43.95558387326067; -79.31922527586902,43.9556455200813; -79.31928351037199,43.95564932498333; -79.31928094488693,43.95563619901301; -79.31927522251245,43.95560656422477; -79.31927060406447,43.95558135460258; -79.31927198894635,43.95556327144781; -79.31928332303592,43.95554843084786; -79.31929824187833,43.95552816299512; -79.32196913843654,43.95497948994701; -79.32200040678781,43.95498233655583; -79.32201804919708,43.95498909040511; -79.32203075698474,43.95501039320476; -79.3220374183642,43.95502291288093; -79.32205267690637,43.95504442312281; -79.32205674447981,43.95505531825702; -79.32205998722294,43.95506075554577; -79.32207572350862,43.95508440590059; -79.32211685475278,43.95512722236006; -79.3221469642877,43.95511839835648; -79.32214114364402,43.95509795244728; -79.32213936911553,43.95507347171156; -79.32213655372071,43.95504348221365; -79.32213558460006,43.95503791534257; -79.32213666389246,43.95503040376231; -79.32213376882004,43.95501381587822; -79.32213667071746,43.95498971523415; -79.3221425296128,43.95496933208082; -79.32214358624397,43.95496200488222; -79.32214560392899,43.95496009735178; -79.32215372890127,43.95493982627517; -79.32300842246262,43.95476607227822; -79.32326688244446,43.95472880756362; -79.32329957714373,43.95472225173068; -79.3233153841913,43.95472154184592; -79.3233361477868,43.95472093771676; -79.32334308271294,43.95472074255271; -79.32337127968145,43.95474304024739; -79.32338616933225,43.954766231836; -79.3233866047967,43.95476793802037; -79.32337056317213,43.95480515879105; -79.32336683679671,43.95480882887109; -79.3232953889371,43.95482081553665; -79.32328700083031,43.9548247111784; -79.32328280247839,43.95482666073192; -79.32320179928433,43.95483912391848; -79.32319257296568,43.95483953842876; -79.32318602776583,43.95484160063717; -79.32314117096323,43.95486136236273; -79.32313102677709,43.95486894931717; -79.32311672344804,43.95489109894559; -79.32311510487347,43.95489477285296; -79.32310640693488,43.95492232563129; -79.32310853175677,43.95493317115375; -79.32311675766699,43.95497515191078; -79.32311747884542,43.95497883311532; -79.32311964945576,43.95498990725744; -79.32313006936809,43.95503079102932; -79.32313467834095,43.95504196949743; -79.32314005299551,43.95505698124832; -79.32314155021537,43.95506457217234; -79.32314758082839,43.95509514499418; -79.32315107504716,43.95510071912539; -79.32315559092332,43.95511190522007; -79.32316255147761,43.95512302493557; -79.32318684054908,43.95517388743986; -79.32319038114375,43.95517955434692; -79.32319575942228,43.95519489614482; -79.32320214753268,43.95520243356846; -79.32322975458638,43.95524257789165; -79.32323699895542,43.95525417395021; -79.32324388427891,43.9552638337043; -79.32326515604203,43.95529370480119; -79.32327439123752,43.95530160597292; -79.32327776877629,43.95530562132672; -79.32332529524037,43.95532650829445; -79.32340148274872,43.95533782354219; -79.32342008366865,43.95534121298364; -79.323525687036,43.95532589587769; -79.32358324212957,43.95531278215437; -79.32359327662888,43.95531232998621; -79.32362774130186,43.95528985085262; -79.32363467222496,43.95528745422558; -79.32365297761099,43.9552619416279; -79.32365444309357,43.95525786844785; -79.32365867021312,43.95522578728224; -79.32365764803323,43.95522186685552; -79.32366379118578,43.95518808862431; -79.32362225501073,43.9550525423506; -79.32354841512145,43.95483417166511; -79.32354594549369,43.95482542545108; -79.32352058378069,43.95479317274366; -79.323515518319,43.95479165430639; -79.32350340729573,43.95477306773883; -79.32350293328861,43.95477135666208; -79.32346277455531,43.9547507951404; -79.32345697584412,43.95474599029777; -79.32344480179212,43.95472469651836; -79.32344256209862,43.95470644746148; -79.32344995821227,43.95468128322336; -79.32464248510081,43.9544250974719; -79.32453798345526,43.95417796052266; -79.32451689512521,43.95414816684965; -79.32446710079583,43.95405891464953; -79.32445017990746,43.95399429426883; -79.32444797111401,43.95393486157032; -79.32445195754188,43.95392485946679; -79.32447125808048,43.95387460787899; -79.32444699972338,43.95378648716608; -79.32445202162899,43.95378133590224; -79.32445266901944,43.95373711877542; -79.32437851580382,43.95367708011809; -79.32431884325707,43.95362173459089; -79.32431627728955,43.95361222178649; -79.3242646338382,43.95356180990253; -79.32425355233762,43.95354338458331; -79.32416791951752,43.95347725007662; -79.32415835921151,43.95346375884201; -79.32411918244887,43.95340546371577; -79.32396711552867,43.95334749496128; -79.32376932993101,43.95323903959814; -79.32364308733482,43.95320776188547; -79.32345907466375,43.95316354342479; -79.32342049539419,43.95314959794981; -79.32331551843804,43.95311785755814; -79.32329868369887,43.95310822638436; -79.32320182139607,43.95306084283988; -79.32306711320582,43.95297973659223; 